4	
30	
2	
17	
12	
72	
39	
9	
25	
55	
31	
10	
58	
38	
65	
66	
11	
59	
14	
53	
35	
7	
52	
27	
45	
29	
48	
47	
21	
74	
28	
62	
73	
33	
63	
16	
51	
6	
68	
75	
76	
67	
34	
46	
8	
19	
54	
13	
57	
15	
5	
37	
20	
70	
60	
71	
36	
69	
61	
22	
1	
43	
64	
42	
41	
56	
23	
49	
24	
18	
50	
32	
44	
3	
40	
26	

22	
1	
43	
42	
64	
41	
56	
23	
49	
24	
18	
50	
25	
55	
31	
12	
40	
17	
26	
4	
30	
2	
68	
6	
75	
76	
67	
34	
46	
8	
35	
53	
7	
52	
13	
27	
45	
29	
48	
47	
21	
74	
28	
62	
73	
33	
63	
16	
51	
3	
44	
32	
9	
39	
72	
58	
10	
38	
65	
66	
11	
59	
14	
19	
54	
57	
15	
5	
37	
20	
70	
60	
71	
36	
69	
61
	
25	
12	
28	
27	
26	
47	
13	
14	
52	
11	
51	
33	
43	
10	
9	
8	
41	
19	
45	
32	
49	
1	
22	
31	
18	
3	
17	
21	
23	
30	
2	
7	
42	
20	
50	
29	
16	
46	
44	
34	
35	
36	
39	
40	
37	
38	
48	
24	
5	
15	
6	
4	

	
25	
12	
28	
27	
26	
47	
13	
14	
52	
11	
51	
33	
43	
10	
9	
8	
41	
19	
45	
32	
49	
1	
22	
31	
18	
3	
17	
7	
2	
42	
21	
23	
30	
29	
20	
50	
16	
44	
46	
38	
40	
39	
36	
35	
34	
37	
48	
24	
5	
15	
6	
4
	
